317.0
366.0
327.0
284.0
274.0
371.0
333.0
286.0
339.0
298.0
272.0
296.0
344.0
272.0
291.0
272.0
342.0
297.0
344.0
302.0
272.0
289.0
288.0
274.0
347.0
305.0
352.0
274.0
284.0
278.0
350.0
275.0
353.0
276.0
363.0
274.0
364.0
275.0
463.0
344.0
302.0
347.0
309.0
355.0
314.0
362.0
276.0
275.0
318.0
371.0
332.0
274.0
331.0
294.0
335.0
291.0
336.0
295.0
340.0
298.0
273.0
295.0
342.0
301.0
277.0
273.0
274.0
295.0
350.0
274.0
290.0
296.0
274.0
293.0
3874.0
299.0
338.0
275.0
274.0
276.0
334.0
292.0
338.0
296.0
342.0
300.0
280.0
273.0
275.0
274.0
273.0
289.0
276.0
293.0
276.0
283.0
333.0
291.0
276.0
288.0
