14.7
12.8
13.3
13.8
15.1
15.0
15.6
22.4
3603.0
15.4
27.3
16.0
16.6
14.9
15.4
15.3
15.8
15.0
19.9
14.9
16.4
17.0
15.9
14.8
17.3
17.2
14.7
14.3
15.7
17.2
15.7
15.8
19.4
17.5
16.4
16.0
14.4
16.6
16.1
15.1
18.7
13.1
16.3
14.4
16.1
14.7
24.5
15.8
20.6
15.9
16.1
15.8
16.0
14.0
16.3
14.9
17.6
16.7
15.0
16.3
19.7
14.8
25.0
15.3
14.5
15.8
17.6
13.1
16.2
16.5
20.5
18.7
15.0
17.2
15.0
16.6
18.1
14.0
16.9
15.5
15.0
34.7
14.2
14.4
16.2
15.3
16.7
13.6
16.9
16.7
14.4
14.5
17.4
17.4
16.6
15.3
17.0
19.5
18.0
16.4
